03.03.2006 01:55Рубрика: Спорт  Таблица медалей XX зимних Олимпийских Игр в Турине  

    
        
            Рейтинг
            по золотым
            медалям
            Страна
            Золото
            Серебро
            Бронза
            Всего
        
        
            1
            Германия
            11
            12
            6
            29
        
        
            2
            США
            9
            9
            7
            25
        
        
            3
            Австрия
            9
            7
            7
            23
        
        
            4
            РОССИЯ
            8
            6
            8
            22
        
        
            5
            Канада
            7
            10
            7
            24
        
        
            6
            Корея
            6
            3
            2
            11
        
        
            7
            Швеция
            6
            2
            5
            13
        
        
            8
            Швейцария
            5
            4
            5
            14
        
        
            9
            Италия
            5
            0
            6
            11
        
        
            10
            Голландия
            3
            2
            4
            9
        
        
            11
            Франция
            3
            2
            4
            9
        
        
            12
            Эстония
            3
            0
            0
            3
        
        
            13
            Норвегия
            2
            8
            9
            19
        
        
            14
            Китай
            2
            4
            5
            11
        
        
            15
            Чехия
            1
            2
            1
            4
        
        
            16
            Хорватия
            1
            2
            0
            3
        
        
            17
            Австралия
            1
            0
            1
            2
        
        
            18
            Япония
            1
            0
            0
            1
        
        
            19
            Финляндия
            0
            5
            3
            8
        
        
            20
            Польша
            0
            1
            1
            2
        
        
            21
            Белоруссия
            0
            1
            0
            1
        
        
            22
            Болгария
            0
            1
            0
            1
        
        
            23
            Великобритания
            0
            1
            0
            1
        
        
            24
            Словакия
            0
            1
            0
            1
        
        
            25
            Украина
            0
            0
            2
            2
        
        
            26
            Латвия
            0
            0
            1
            1
        
    

 Спорт Олимпийские игры Олимпиада в Турине 